382.0 9760.62
983.0 7602.87
899.0 3661.81
387.0 7394.43
388.0 5511.12
556.0 4438.58
423.0 3932.94
558.0 1313.36
888.0 6246.1
165.0 9753.18
746.0 3092.36
772.0 8262.9
526.0 873.48
759.0 9336.22
333.0 4716.82
35.0 1051.2
304.0 3496.22
653.0 8226.52
329.0 7954.43
441.0 321.14
293.0 38.84
488.0 8328.27
796.0 7780.35
809.0 3733.24
379.0 7661.0
251.0 9712.93
45.0 6046.86
658.0 2322.74
949.0 801.51
81.0 9073.57
981.0 319.72
974.0 176.03
976.0 211.26
977.0 13.62
991.0 104.74
993.0 66.16
986.0 185.51
994.0 194.04
979.0 210.48
996.0 40.21
984.0 150.37
992.0 156.75
994.0 86.71
995.0 128.02
987.0 85.16
988.0 169.77
999.0 114.67
985.0 30.63
989.0 15.73
1000.0 28.54
994.0 19.46
991.0 37.0
999.0 75.49
997.0 83.37
1000.0 22.2
998.0 32.36
996.0 13.38
998.0 24.15
999.0 40.1
1000.0 3.22
997.0 22.2
998.0 1.89
999.0 1.1
